"cannons"	"rooms"	"age"	"condition"	"color"	"weight"	"style"	"price"	"sold"	"jbb"
"1"	16	5	50.7	8	"black"	9405	"modern"	394	1	600
"2"	10	31	61.9	1	"brown"	9208	"classic"	399	1	500
"3"	10	12	36.7	5	"red"	7285	"modern"	0	0	400
"4"	12	56	40.8	3	"black"	12678	"modern"	2158	1	3100
"5"	10	21	57.8	6	"black"	8282	"classic"	491	1	400
"6"	10	19	57.3	5	"brown"	7929	"classic"	0	0	200
"7"	6	16	71.6	5	"salmon"	5608	"classic"	0	0	0
"8"	14	31	55.8	7	"brown"	11040	"classic"	987	1	1300
"9"	4	18	39.2	6	"black"	4954	"modern"	0	0	600
"10"	8	37	79.4	3	"black"	8579	"classic"	436	1	0
"11"	8	45	29.5	6	"black"	9536	"modern"	1654	1	2800
"12"	14	29	68.8	7	"salmon"	10692	"classic"	974	1	800
"13"	8	13	49.8	2	"black"	6251	"classic"	0	0	100
"14"	6	34	63.6	9	"black"	7382	"classic"	543	1	400
"15"	6	45	39.6	6	"black"	8620	"modern"	923	1	2100
"16"	10	34	49.5	9	"plum"	9301	"classic"	1715	1	1600
"17"	10	48	37.5	4	"brown"	10862	"classic"	1171	1	2600
"18"	6	49	57.2	9	"brown"	8747	"classic"	1150	1	1400
"19"	4	47	82	2	"red"	7644	"classic"	0	0	0
"20"	8	24	60.4	4	"black"	7510	"classic"	174	1	200
"21"	2	18	25	5	"black"	3838	"classic"	0	0	1100
"22"	10	44	58.9	4	"black"	10637	"modern"	990	1	1400
"23"	4	17	82.4	3	"brown"	4580	"classic"	0	0	0
"24"	16	52	57.7	7	"brown"	14223	"classic"	2360	1	2500
"25"	4	46	50.4	6	"black"	7699	"modern"	812	1	1400
"26"	2	30	89.6	7	"black"	5030	"classic"	0	0	0
"27"	2	25	29.3	6	"red"	4540	"modern"	0	0	600
"28"	8	27	56.2	8	"brown"	7842	"classic"	547	1	500
"29"	16	48	91.4	3	"brown"	13956	"classic"	1475	1	500
"30"	2	32	40.5	6	"black"	5206	"modern"	25	1	1000
"31"	4	12	64.8	1	"brown"	4250	"classic"	0	0	0
"32"	10	26	23.1	7	"black"	8411	"modern"	1040	1	2400
"33"	16	37	59.9	6	"black"	12621	"classic"	1849	1	1700
"34"	4	26	95.9	5	"red"	5661	"classic"	0	0	0
"35"	2	26	45.5	7	"black"	4558	"modern"	0	0	500
"36"	10	25	66.8	2	"black"	8520	"classic"	0	0	0
"37"	12	8	55.8	6	"black"	7729	"modern"	0	0	0
"38"	8	23	66.4	8	"brown"	7274	"classic"	96	1	0
"39"	10	38	66.8	7	"plum"	9959	"classic"	727	1	900
"40"	8	31	21.2	3	"brown"	8054	"classic"	661	1	2400
"41"	6	30	51.4	7	"black"	6906	"classic"	0	0	800
"42"	6	10	40.6	7	"black"	5035	"modern"	0	0	300
"43"	6	15	37.4	6	"plum"	5484	"modern"	0	0	800
"44"	12	28	52.2	7	"black"	9668	"modern"	1228	1	1200
"45"	8	30	51.4	5	"black"	7901	"classic"	0	0	900
"46"	20	17	26.8	5	"plum"	12788	"modern"	1389	1	2800
"47"	8	29	53.6	6	"black"	7892	"classic"	283	1	800
"48"	6	28	73.7	8	"black"	6783	"classic"	188	1	0
"49"	16	27	84.7	3	"brown"	11780	"modern"	480	1	0
"50"	12	20	41.6	7	"red"	8859	"modern"	0	0	800
"51"	2	14	55.4	5	"black"	3326	"classic"	0	0	0
"52"	6	51	48.2	5	"black"	9062	"classic"	1147	1	1900
"53"	18	44	64.5	5	"brown"	14245	"classic"	1585	1	1900
"54"	18	21	41.3	7	"black"	12154	"modern"	1832	1	2000
"55"	2	20	71.4	5	"black"	4150	"classic"	0	0	0
"56"	16	31	25.3	10	"red"	12076	"modern"	1570	1	2600
"57"	20	7	52.6	9	"brown"	11654	"classic"	825	1	900
"58"	8	23	54.7	5	"red"	7351	"modern"	0	0	0
"59"	8	24	77.7	5	"black"	7282	"classic"	0	0	0
"60"	12	28	54.1	5	"red"	9944	"classic"	193	1	500
"61"	2	28	47.9	9	"brown"	4588	"modern"	187	1	400
"62"	8	6	50.6	6	"red"	5642	"classic"	0	0	0
"63"	14	50	70.5	7	"black"	13204	"modern"	2160	1	1600
"64"	14	32	45.1	2	"black"	11186	"modern"	668	1	1900
"65"	6	42	52.7	6	"black"	8316	"classic"	960	1	1300
"66"	10	22	79	10	"brown"	8335	"classic"	46	1	0
"67"	12	22	96.9	3	"brown"	9174	"classic"	0	0	0
"68"	8	36	56.9	4	"black"	8638	"modern"	92	1	900
"69"	4	56	36.3	8	"black"	8652	"modern"	1650	1	2600
"70"	6	47	20.1	3	"black"	8598	"modern"	933	1	3100
"71"	10	50	52.2	9	"brown"	11083	"modern"	2056	1	2100
"72"	8	33	74.4	6	"brown"	8130	"classic"	62	1	0
"73"	6	19	57.4	2	"red"	5996	"classic"	0	0	0
"74"	2	30	56.3	4	"black"	5022	"classic"	0	0	100
"75"	2	16	69.8	5	"black"	3674	"modern"	0	0	0
"76"	8	28	56.1	8	"brown"	7941	"modern"	308	1	600
"77"	6	18	0	6	"red"	5707	"modern"	0	0	2100
"78"	6	41	39	4	"black"	8206	"modern"	586	1	1900
"79"	4	28	34	1	"black"	5862	"classic"	0	0	1200
"80"	8	29	35.2	1	"black"	7891	"classic"	0	0	1600
"81"	18	10	43.5	9	"brown"	10923	"classic"	762	1	1300
"82"	12	27	40.9	4	"black"	9714	"modern"	781	1	1700
"83"	4	46	31.5	7	"red"	7706	"modern"	1048	1	1800
"84"	2	13	69.3	2	"black"	3291	"classic"	0	0	0
"85"	16	24	83	2	"brown"	11485	"classic"	208	1	0
"86"	4	33	47.9	5	"black"	6583	"modern"	0	0	900
"87"	12	22	19.6	10	"black"	9314	"modern"	801	1	2600
"88"	16	37	54.7	2	"brown"	12814	"modern"	509	1	1800
"89"	10	28	58.9	5	"red"	8839	"classic"	206	1	100
"90"	16	41	74.1	7	"black"	13106	"classic"	1901	1	1200
"91"	2	12	42.6	2	"brown"	3200	"modern"	0	0	0
"92"	2	21	53	5	"red"	4053	"modern"	0	0	0
"93"	14	5	49.7	2	"black"	8521	"classic"	0	0	300
"94"	8	24	13.8	5	"black"	7479	"modern"	356	1	2500
"95"	12	52	84.2	9	"brown"	12253	"classic"	2130	1	800
"96"	10	17	51	7	"brown"	7912	"modern"	0	0	400
"97"	2	22	35.5	5	"black"	4381	"modern"	0	0	700
"98"	4	40	44.6	2	"black"	7045	"classic"	37	1	1300
"99"	8	27	47.2	7	"black"	7776	"classic"	836	1	1000
"100"	2	42	27	4	"brown"	6231	"modern"	435	1	2000
"101"	14	46	36.7	4	"black"	12668	"modern"	1673	1	3000
"102"	6	29	29.4	6	"brown"	6812	"modern"	287	1	1700
"103"	10	18	44.7	2	"red"	7729	"classic"	0	0	200
"104"	6	52	39.3	6	"salmon"	9331	"modern"	1481	1	2600
"105"	10	14	24.6	9	"salmon"	7376	"modern"	393	1	1800
"106"	8	6	26	4	"red"	5397	"modern"	0	0	400
"107"	6	9	53.5	7	"brown"	4927	"modern"	0	0	0
"108"	8	13	86.4	6	"brown"	6345	"modern"	0	0	0
"109"	10	17	46.3	6	"salmon"	7568	"classic"	442	1	900
"110"	4	8	32.5	2	"black"	3754	"classic"	0	0	300
"111"	10	58	25	3	"black"	11791	"modern"	1928	1	3800
"112"	14	26	52.6	4	"black"	10556	"classic"	462	1	1200
"113"	2	47	43.7	5	"black"	6496	"classic"	573	1	1600
"114"	2	31	42.8	9	"red"	4956	"modern"	0	0	300
"115"	6	58	72.9	7	"plum"	9839	"modern"	1739	1	1200
"116"	6	12	36.6	5	"brown"	5374	"classic"	0	0	500
"117"	8	49	26.2	8	"red"	10005	"modern"	1456	1	2600
"118"	10	45	31.3	2	"brown"	10568	"modern"	1058	1	2700
"119"	4	30	59.8	3	"brown"	5820	"classic"	0	0	0
"120"	20	26	64.7	3	"black"	13612	"modern"	897	1	1200
"121"	2	31	98.4	9	"black"	5156	"classic"	0	0	0
"122"	6	27	50.2	8	"salmon"	6675	"modern"	445	1	800
"123"	6	17	67.7	9	"black"	5565	"classic"	0	0	0
"124"	12	14	52.6	6	"red"	8234	"classic"	0	0	0
"125"	4	17	26.9	3	"black"	4828	"modern"	0	0	1100
"126"	6	37	83.8	1	"black"	7599	"classic"	0	0	0
"127"	14	35	39.8	8	"brown"	11471	"classic"	1463	1	2300
"128"	18	37	39	3	"brown"	13855	"modern"	1631	1	2800
"129"	14	51	43.9	6	"brown"	13165	"modern"	2184	1	2900
"130"	2	14	69.8	7	"red"	3300	"classic"	0	0	0
"131"	12	16	31.7	8	"black"	8604	"modern"	555	1	1700
"132"	6	31	53.6	7	"red"	7269	"modern"	0	0	100
"133"	18	35	54	4	"brown"	13397	"classic"	1755	1	1900
"134"	2	29	81.3	7	"black"	4927	"classic"	0	0	0
"135"	20	3	76.5	5	"black"	11392	"classic"	112	1	0
"136"	6	5	45.8	5	"black"	4499	"modern"	0	0	0
"137"	6	40	43.4	4	"brown"	8020	"modern"	602	1	1500
"138"	10	31	66.1	3	"black"	9206	"classic"	0	0	400
"139"	8	20	86.8	4	"black"	6872	"classic"	0	0	0
"140"	16	31	37.9	4	"brown"	12160	"classic"	1170	1	2300
"141"	10	12	32.8	5	"black"	7292	"modern"	144	1	1200
"142"	4	17	23.6	5	"salmon"	4721	"modern"	0	0	1400
"143"	8	34	48.9	7	"brown"	8489	"classic"	618	1	1200
"144"	6	27	46.6	7	"red"	6851	"modern"	0	0	300
"145"	12	36	68.7	7	"black"	10614	"classic"	1292	1	800
"146"	2	30	44.3	3	"brown"	4875	"classic"	0	0	500
"147"	10	26	43.8	8	"brown"	8485	"classic"	1101	1	1300
"148"	6	42	73.6	7	"black"	8287	"modern"	627	1	300
"149"	4	18	82.1	4	"plum"	4772	"classic"	0	0	0
"150"	12	31	33.9	8	"black"	10240	"modern"	1342	1	2300
"151"	12	48	41.8	8	"red"	11791	"modern"	1635	1	2200
"152"	14	24	67.3	10	"black"	10445	"modern"	1322	1	500
"153"	18	13	56.9	4	"black"	11425	"classic"	292	1	800
"154"	8	14	55.9	6	"brown"	6455	"classic"	75	1	0
"155"	8	53	32.3	2	"black"	10293	"classic"	1429	1	3000
"156"	16	43	39.9	9	"red"	13087	"classic"	1733	1	2400
"157"	2	38	43.3	4	"black"	5847	"modern"	0	0	1100
"158"	4	18	57.8	7	"brown"	4867	"modern"	0	0	0
"159"	2	29	48.3	2	"red"	5098	"classic"	0	0	0
"160"	10	58	26.1	5	"red"	11866	"modern"	1433	1	3200
"161"	10	32	88.2	7	"brown"	9404	"classic"	458	1	0
"162"	18	36	35.9	6	"brown"	13606	"classic"	2038	1	2900
"163"	10	28	80.9	6	"black"	8668	"classic"	358	1	0
"164"	14	24	63.3	10	"black"	10449	"classic"	801	1	700
"165"	12	42	69	4	"brown"	11182	"classic"	1199	1	900
"166"	8	26	32.7	7	"black"	7590	"modern"	319	1	1700
"167"	4	27	72.1	4	"brown"	5696	"classic"	0	0	0
"168"	6	31	5.7	3	"black"	7231	"modern"	749	1	3000
"169"	6	45	53.3	2	"brown"	8585	"modern"	633	1	1200
"170"	16	40	24.9	6	"brown"	13226	"modern"	1763	1	3500
"171"	14	37	15.7	7	"plum"	11692	"modern"	2045	1	3800
"172"	8	13	56.1	7	"red"	6347	"classic"	0	0	0
"173"	2	27	91.7	9	"black"	4581	"classic"	0	0	0
"174"	20	22	31.6	4	"plum"	13296	"modern"	1689	1	2800
"175"	2	50	49.2	8	"black"	7079	"classic"	1284	1	1500
"176"	10	39	58	9	"black"	9921	"modern"	1333	1	1300
"177"	6	50	53.3	9	"black"	8885	"classic"	1752	1	1700
"178"	4	17	50.5	5	"black"	4684	"modern"	0	0	0
"179"	12	52	29.4	6	"black"	12065	"classic"	2165	1	3500
"180"	10	32	26.6	6	"black"	9128	"modern"	859	1	2500
"181"	14	53	46.9	4	"plum"	13306	"classic"	2281	1	3000
"182"	6	25	43.4	5	"red"	6520	"modern"	0	0	300
"183"	12	39	71.6	8	"black"	11100	"classic"	1134	1	800
"184"	4	6	75.1	5	"black"	3679	"classic"	0	0	0
"185"	10	50	33.3	10	"red"	10931	"modern"	1486	1	2500
"186"	10	34	43.6	7	"brown"	9333	"classic"	546	1	1700
"187"	8	25	30	10	"black"	7505	"modern"	908	1	1800
"188"	12	26	92.7	6	"brown"	9659	"classic"	214	1	0
"189"	6	20	45.6	6	"black"	6184	"modern"	0	0	500
"190"	12	29	17.1	5	"black"	9996	"modern"	993	1	3000
"191"	6	24	67	3	"brown"	6324	"classic"	0	0	0
"192"	20	36	49.3	8	"brown"	14552	"modern"	2413	1	2500
"193"	16	8	37.1	5	"salmon"	9711	"modern"	327	1	1400
"194"	2	25	12	7	"black"	4574	"modern"	145	1	2100
"195"	14	39	84.9	7	"black"	12010	"classic"	1476	1	300
"196"	6	29	13.9	9	"red"	6874	"modern"	456	1	2000
"197"	4	29	57.8	9	"black"	5802	"classic"	263	1	200
"198"	8	48	57.8	2	"brown"	9877	"classic"	894	1	1400
"199"	10	47	40	1	"black"	10695	"modern"	864	1	2500
"200"	8	41	51.7	7	"black"	8959	"classic"	1216	1	1500
"201"	6	53	50.9	9	"black"	9304	"classic"	2072	1	2000
"202"	2	27	32.3	3	"brown"	4675	"modern"	0	0	1000
"203"	12	24	71	4	"black"	9453	"classic"	119	1	0
"204"	14	9	38.8	7	"black"	8930	"modern"	517	1	1100
"205"	4	5	42.1	6	"black"	3453	"modern"	0	0	0
"206"	4	25	32.4	8	"black"	5586	"modern"	63	1	1300
"207"	4	8	50	5	"salmon"	4055	"classic"	0	0	0
"208"	6	13	41.5	1	"brown"	5426	"modern"	0	0	200
"209"	10	34	66.4	6	"brown"	9300	"classic"	670	1	500
"210"	16	48	67.2	7	"black"	13778	"classic"	2296	1	1900
"211"	2	19	33.8	5	"red"	3996	"modern"	0	0	100
"212"	6	35	40.4	6	"black"	7393	"modern"	1014	1	1600
"213"	8	28	18.2	3	"black"	7801	"modern"	470	1	2500
"214"	4	51	87	5	"brown"	8044	"classic"	430	1	0
"215"	18	35	33.6	4	"brown"	13549	"modern"	1191	1	3000
"216"	12	8	35	8	"brown"	7720	"modern"	91	1	1000
"217"	12	27	58	4	"red"	9599	"classic"	132	1	200
"218"	8	27	47.2	5	"black"	7851	"classic"	522	1	1000
"219"	8	30	51.1	5	"black"	7895	"modern"	638	1	900
"220"	6	10	24	4	"brown"	4955	"modern"	0	0	1000
"221"	6	27	59	4	"brown"	6569	"modern"	0	0	100
"222"	2	55	42.5	5	"black"	7474	"modern"	979	1	2000
"223"	2	42	65.3	4	"red"	6325	"classic"	0	0	0
"224"	6	32	59.9	3	"black"	7129	"classic"	0	0	400
"225"	12	51	69.5	3	"black"	12241	"classic"	1364	1	1400
"226"	2	7	61.4	7	"black"	2620	"classic"	0	0	0
"227"	10	35	61.1	7	"black"	9698	"classic"	1075	1	900
"228"	2	49	58.2	7	"salmon"	6970	"classic"	896	1	1100
"229"	14	19	32.3	9	"black"	9903	"modern"	994	1	2000
"230"	16	22	48	9	"plum"	11331	"classic"	1306	1	1700
"231"	6	36	56.2	7	"black"	7585	"modern"	501	1	800
"232"	18	29	42.8	10	"black"	12895	"modern"	2026	1	2400
"233"	6	15	32.8	3	"black"	5632	"modern"	0	0	900
"234"	16	54	48.6	5	"black"	14416	"modern"	2667	1	3100
"235"	18	38	22.2	4	"black"	13690	"modern"	2133	1	3800
"236"	16	37	16.5	5	"red"	12750	"modern"	1155	1	3200
"237"	14	26	29.8	4	"black"	10632	"modern"	702	1	2400
"238"	6	14	59	9	"red"	5295	"classic"	0	0	0
"239"	2	27	34.5	6	"brown"	4641	"classic"	10	1	900
"240"	2	27	73.2	6	"brown"	4815	"classic"	0	0	0
"241"	16	41	66.7	8	"black"	13116	"modern"	1579	1	1600
"242"	14	37	93.5	7	"brown"	11615	"classic"	1267	1	0
"243"	6	20	62.4	6	"black"	5971	"classic"	0	0	0
"244"	2	24	25.2	7	"black"	4385	"modern"	0	0	1400
"245"	8	39	67.8	5	"black"	8939	"classic"	849	1	600
"246"	6	45	52.4	5	"black"	8436	"modern"	1045	1	1400
"247"	2	23	34.4	7	"brown"	4397	"modern"	0	0	800
"248"	8	29	8.3	7	"brown"	7995	"modern"	863	1	3000
"249"	10	13	46.7	8	"brown"	7327	"modern"	226	1	500
"250"	8	43	37.4	5	"black"	9434	"modern"	867	1	2300
"251"	10	30	74.2	10	"red"	9030	"classic"	326	1	0
"252"	14	13	28.1	5	"plum"	9363	"modern"	530	1	1900
"253"	6	32	33.6	2	"black"	7250	"modern"	13	1	1700
"254"	12	47	44.7	10	"brown"	11572	"modern"	2079	1	2500
"255"	4	27	55.1	2	"black"	5832	"modern"	0	0	100
"256"	4	45	62.7	1	"black"	7397	"classic"	46	1	600
"257"	12	42	44	3	"black"	11157	"modern"	1409	1	2300
"258"	2	27	32.3	5	"brown"	4635	"modern"	0	0	1000
"259"	20	12	74.5	3	"black"	12244	"classic"	341	1	0
"260"	12	31	81.9	5	"black"	10088	"classic"	548	1	0
"261"	8	48	45.7	4	"brown"	9839	"modern"	1197	1	2000
"262"	18	32	51.8	6	"red"	13110	"classic"	1117	1	1400
"263"	8	45	37.5	2	"red"	9612	"modern"	351	1	1700
"264"	6	36	30.6	5	"brown"	7681	"modern"	727	1	2000
"265"	2	11	55.5	8	"black"	3036	"classic"	0	0	0
"266"	8	26	66.6	7	"red"	7442	"classic"	0	0	0
"267"	10	50	45.1	7	"black"	10837	"modern"	2107	1	2500
"268"	4	28	45.3	7	"brown"	5784	"classic"	121	1	700
"269"	6	36	49.8	6	"black"	7712	"modern"	788	1	1100
"270"	18	38	51.3	10	"brown"	14059	"modern"	2267	1	2300
"271"	18	19	60.2	5	"black"	11841	"modern"	748	1	900
"272"	12	41	47.9	4	"brown"	11196	"modern"	1358	1	1900
"273"	8	40	25.9	6	"black"	8926	"modern"	1409	1	2700
"274"	6	24	53.6	6	"black"	6360	"modern"	0	0	300
"275"	4	19	13.5	4	"plum"	4887	"modern"	0	0	2000
"276"	12	28	32.5	7	"black"	9801	"classic"	1192	1	2200
"277"	8	45	58	8	"plum"	9422	"modern"	1605	1	1500
"278"	6	24	62.9	6	"black"	6513	"classic"	183	1	0
"279"	20	30	69.7	8	"salmon"	14004	"modern"	1169	1	1400
"280"	6	35	44.7	6	"black"	7437	"classic"	776	1	1300
"281"	8	23	0	6	"red"	7293	"modern"	37	1	2600
"282"	18	21	62.7	7	"brown"	12040	"classic"	921	1	900
"283"	4	19	50.4	3	"brown"	4873	"classic"	0	0	0
"284"	6	35	43.5	6	"black"	7663	"modern"	746	1	1400
"285"	4	14	52.9	5	"brown"	4367	"classic"	0	0	0
"286"	6	41	80.9	6	"black"	8115	"classic"	423	1	0
"287"	4	37	48	6	"black"	6589	"modern"	755	1	1100
"288"	14	22	49.4	8	"black"	10103	"classic"	885	1	1300
"289"	4	39	15	6	"black"	6963	"modern"	525	1	2800
"290"	2	40	48.9	2	"brown"	6097	"classic"	234	1	800
"291"	14	17	75.7	4	"black"	9517	"classic"	0	0	0
"292"	4	44	69.1	5	"black"	7383	"classic"	146	1	300
"293"	12	36	89.8	9	"black"	10619	"classic"	1109	1	0
"294"	4	38	46.2	1	"brown"	6800	"modern"	36	1	1000
"295"	6	28	47.3	8	"black"	6752	"modern"	350	1	900
"296"	12	34	34.7	4	"black"	10435	"modern"	1143	1	2300
"297"	14	43	60.7	3	"red"	12442	"classic"	704	1	1100
"298"	2	36	22.2	9	"brown"	5694	"modern"	484	1	2100
"299"	2	46	58	4	"plum"	6633	"classic"	395	1	900
"300"	2	60	44.5	7	"red"	8091	"modern"	1008	1	1600
"301"	18	35	42.2	8	"brown"	13668	"modern"	2029	1	2600
"302"	2	40	71.2	3	"black"	5886	"classic"	0	0	0
"303"	18	33	31.9	3	"black"	13207	"modern"	1540	1	3000
"304"	16	17	37.7	7	"plum"	10742	"modern"	987	1	1900
"305"	2	34	20.9	7	"plum"	5215	"modern"	918	1	2200
"306"	16	55	67.1	8	"red"	14449	"classic"	2211	1	1700
"307"	12	23	13.3	5	"black"	9468	"modern"	888	1	2900
"308"	6	10	23.1	6	"black"	5208	"modern"	0	0	1200
"309"	8	25	47.4	4	"plum"	7391	"modern"	91	1	1000
"310"	2	42	24.4	8	"red"	6049	"modern"	319	1	1700
"311"	2	37	78.8	4	"black"	5496	"classic"	92	1	0
"312"	8	26	72.1	7	"brown"	7733	"classic"	320	1	0
"313"	10	34	55.8	4	"black"	9449	"modern"	734	1	1100
"314"	4	23	42.6	10	"brown"	5199	"modern"	106	1	600
"315"	6	48	67.9	7	"black"	8933	"classic"	1147	1	800
"316"	4	43	70.9	6	"black"	7261	"classic"	316	1	200
"317"	12	22	24.6	4	"red"	9231	"modern"	191	1	1600
"318"	6	20	58.3	2	"brown"	6224	"classic"	0	0	0
"319"	4	36	67.6	2	"plum"	6550	"classic"	0	0	100
"320"	6	39	31.3	2	"salmon"	7720	"modern"	868	1	2200
"321"	2	41	38.1	8	"red"	6005	"modern"	121	1	1000
"322"	10	16	59.7	3	"black"	7577	"classic"	0	0	0
"323"	12	36	40	9	"black"	10557	"classic"	1774	1	2300
"324"	6	34	62.6	10	"plum"	7102	"classic"	647	1	600
"325"	6	7	33.8	5	"brown"	4568	"modern"	0	0	400
"326"	8	16	93.8	5	"black"	6744	"classic"	0	0	0
"327"	12	32	36.6	4	"black"	10271	"modern"	770	1	2100
"328"	4	37	21	6	"plum"	6716	"modern"	1160	1	2500
"329"	14	6	18.4	5	"black"	8464	"modern"	116	1	2000
"330"	16	34	52.2	7	"black"	12291	"classic"	1667	1	1900
"331"	12	43	44.9	6	"brown"	11295	"modern"	1454	1	2200
"332"	6	39	28	5	"black"	8055	"modern"	721	1	2400
"333"	4	16	15	6	"brown"	4594	"modern"	0	0	1600
"334"	6	14	65.7	6	"red"	5407	"classic"	0	0	0
"335"	2	39	19.9	5	"brown"	5857	"modern"	251	1	2300
"336"	8	45	37.7	8	"black"	9502	"modern"	1642	1	2400
"337"	6	43	79.6	6	"brown"	8298	"classic"	203	1	0
"338"	8	37	24.9	2	"black"	8781	"modern"	652	1	2500
"339"	14	34	91.2	6	"black"	11402	"classic"	563	1	0
"340"	6	47	30.6	5	"brown"	8644	"classic"	1082	1	2500
"341"	16	49	59.1	2	"brown"	13766	"classic"	1588	1	2100
"342"	14	32	58.1	5	"black"	11182	"classic"	1429	1	1300
"343"	12	37	21.9	4	"black"	10647	"modern"	1333	1	3100
"344"	4	47	112.5	2	"black"	7675	"classic"	0	0	0
"345"	2	28	49.3	6	"black"	4997	"modern"	0	0	400
"346"	4	33	85	6	"red"	6061	"classic"	0	0	0
"347"	2	26	60	5	"black"	4521	"classic"	0	0	0
"348"	14	11	70.5	4	"brown"	9045	"classic"	0	0	0
"349"	14	26	72	2	"brown"	10872	"classic"	0	0	100
"350"	2	43	1.9	8	"black"	6367	"modern"	1238	1	3500
"351"	6	40	58.4	4	"brown"	8125	"classic"	233	1	800
"352"	4	36	33.2	8	"black"	6548	"classic"	690	1	1800
"353"	12	37	85.5	3	"brown"	10620	"classic"	444	1	0
"354"	2	19	38.2	4	"brown"	4006	"classic"	0	0	300
"355"	2	26	28.8	3	"red"	4519	"modern"	0	0	600
"356"	12	16	38.3	7	"brown"	8697	"modern"	422	1	1200
"357"	6	43	22.8	5	"black"	8378	"modern"	1068	1	2800
"358"	6	34	79.5	4	"black"	7281	"classic"	0	0	0
"359"	18	41	42.5	2	"plum"	14042	"classic"	1844	1	3000
"360"	2	46	43.2	6	"brown"	6468	"modern"	235	1	1500
"361"	10	34	79.1	5	"red"	9529	"classic"	225	1	0
"362"	12	8	27.9	8	"black"	7697	"modern"	136	1	1500
"363"	2	29	15.8	3	"black"	4770	"modern"	34	1	2000
"364"	10	11	85.4	8	"black"	7077	"classic"	0	0	0
"365"	12	55	28	8	"black"	12422	"modern"	2499	1	3800
"366"	10	48	30.2	9	"black"	10919	"modern"	2150	1	3200
"367"	8	50	29.5	5	"brown"	10045	"classic"	1288	1	2900
"368"	14	49	70.2	6	"black"	12731	"classic"	1688	1	1600
"369"	2	38	57.2	3	"black"	5845	"modern"	181	1	400
"370"	2	43	74.3	7	"black"	6262	"classic"	77	1	0
"371"	4	30	52.2	3	"brown"	5998	"classic"	0	0	400
"372"	16	48	76	5	"red"	13772	"classic"	1432	1	800
"373"	12	47	64	6	"brown"	11743	"classic"	1218	1	1500
"374"	12	26	96.8	8	"brown"	9653	"classic"	118	1	0
"375"	8	53	59.7	7	"black"	10210	"classic"	1692	1	1700
"376"	4	35	58.1	3	"red"	6557	"classic"	0	0	0
"377"	18	21	60.1	6	"red"	11974	"classic"	640	1	500
"378"	6	27	37.4	10	"plum"	6640	"modern"	887	1	1500
"379"	14	21	24.4	4	"black"	10072	"modern"	11	1	2400
"380"	16	57	55.5	4	"red"	14597	"modern"	1909	1	2300
"381"	10	47	53.9	1	"brown"	10718	"classic"	959	1	1700
"382"	12	26	46.1	2	"black"	9435	"classic"	298	1	1300
"383"	4	48	41.2	5	"red"	7731	"classic"	727	1	1300
"384"	12	32	13.2	6	"black"	10136	"classic"	1696	1	3400
"385"	2	15	55.9	3	"black"	3497	"modern"	0	0	0
"386"	4	34	63.1	5	"salmon"	6266	"classic"	87	1	200
"387"	8	19	54.2	4	"black"	6766	"modern"	71	1	200
"388"	10	12	34.1	9	"brown"	7195	"classic"	1	1	1100
"389"	10	41	68.3	5	"black"	10235	"classic"	715	1	800
"390"	4	29	9	10	"black"	5841	"modern"	570	1	2700
"391"	16	10	51.4	2	"salmon"	10122	"modern"	156	1	800
"392"	6	37	61.8	6	"black"	7722	"classic"	359	1	600
"393"	2	47	35.4	9	"red"	6801	"modern"	771	1	1500
"394"	10	26	36	6	"salmon"	8628	"modern"	872	1	1800
"395"	2	31	81.2	5	"plum"	5075	"classic"	0	0	0
"396"	2	52	50.8	5	"black"	7138	"modern"	592	1	1500
"397"	12	22	30.8	1	"brown"	8946	"modern"	322	1	1800
"398"	16	39	51.2	5	"black"	12837	"modern"	1646	1	2200
"399"	8	31	46	5	"black"	8008	"classic"	0	0	1200
"400"	8	42	76.2	2	"red"	9125	"classic"	100	1	0
"401"	20	15	43.2	1	"black"	12424	"classic"	219	1	1700
"402"	2	33	59.8	8	"black"	5411	"classic"	0	0	100
"403"	12	33	70.9	7	"black"	10033	"classic"	1247	1	500
"404"	12	40	36.9	7	"red"	11006	"modern"	697	1	2000
"405"	6	37	74.8	4	"black"	7714	"classic"	113	1	0
"406"	2	35	28.3	5	"brown"	5393	"modern"	65	1	1600
"407"	6	18	59.5	4	"red"	5950	"classic"	0	0	0
"408"	6	30	56.7	8	"black"	6959	"modern"	348	1	500
"409"	4	8	76.3	7	"black"	3894	"classic"	0	0	0
"410"	4	40	62.4	3	"black"	6945	"modern"	0	0	400
"411"	6	40	51.8	5	"brown"	8239	"modern"	659	1	1100
"412"	6	15	63.5	7	"black"	5457	"classic"	0	0	0
"413"	2	34	12.5	4	"black"	5432	"modern"	390	1	2500
"414"	8	28	70	8	"black"	7782	"classic"	82	1	0
"415"	12	27	33.3	7	"brown"	9806	"modern"	1163	1	2000
"416"	6	55	40.6	10	"black"	9497	"modern"	2192	1	2600
"417"	2	42	45.8	8	"black"	6336	"classic"	667	1	1300
"418"	10	54	44.3	5	"plum"	11361	"modern"	2015	1	2800
"419"	6	15	15.4	7	"black"	5638	"modern"	236	1	1800
"420"	10	19	57.6	5	"black"	7986	"classic"	0	0	300
"421"	14	39	23	2	"brown"	11742	"modern"	1177	1	3200
"422"	8	58	32.4	8	"black"	10836	"modern"	2346	1	3300
"423"	10	19	71.9	6	"brown"	7892	"modern"	0	0	0
"424"	14	34	47.5	9	"brown"	11386	"modern"	1840	1	1900
"425"	10	30	71.9	3	"black"	9100	"classic"	0	0	100
"426"	20	31	38	7	"black"	14119	"modern"	1562	1	2900
"427"	14	39	58.4	4	"black"	11871	"classic"	1036	1	1600
"428"	4	16	58.8	7	"plum"	4475	"classic"	0	0	0
"429"	8	40	41.2	7	"brown"	9130	"classic"	757	1	1900
"430"	2	18	51.6	6	"black"	3797	"modern"	0	0	0
"431"	2	3	64.7	10	"black"	2274	"classic"	0	0	0
"432"	12	18	55.5	10	"plum"	8936	"modern"	412	1	700
"433"	2	51	33.8	7	"brown"	7107	"modern"	1160	1	2200
"434"	8	27	25.7	6	"brown"	7550	"modern"	280	1	2000
"435"	8	21	57.6	10	"black"	7028	"classic"	558	1	300
"436"	6	19	56.7	5	"red"	5839	"classic"	0	0	0
"437"	14	33	41.8	4	"black"	11056	"modern"	1497	1	2100
"438"	8	50	67.8	5	"plum"	9917	"classic"	1473	1	1200
"439"	4	32	26.6	7	"red"	6419	"modern"	18	1	1300
"440"	4	12	46.9	8	"red"	4146	"modern"	0	0	0
"441"	14	22	29.8	8	"brown"	10286	"modern"	1048	1	2200
"442"	8	27	68	8	"black"	7673	"modern"	525	1	0
"443"	8	50	47.7	7	"black"	10001	"classic"	1904	1	2200
"444"	2	48	84.5	8	"brown"	6872	"classic"	597	1	0
"445"	18	38	70.6	6	"brown"	13860	"classic"	1738	1	1300
"446"	8	12	55.5	9	"red"	6188	"classic"	0	0	0
"447"	2	36	38.3	6	"salmon"	5762	"classic"	217	1	1400
"448"	10	37	84.6	9	"black"	9796	"classic"	1156	1	0
"449"	16	60	50.9	6	"red"	15150	"modern"	1978	1	2700
"450"	8	31	47.9	7	"brown"	8177	"classic"	607	1	1100
"451"	8	18	35.7	10	"black"	6801	"modern"	479	1	1200
"452"	16	23	66.9	8	"red"	11248	"classic"	478	1	100
"453"	2	57	43.4	10	"salmon"	7476	"modern"	1645	1	2300
"454"	4	28	46.3	6	"black"	5682	"classic"	73	1	700
"455"	8	22	51.1	5	"brown"	7210	"modern"	0	0	400
"456"	6	19	83.4	7	"black"	5733	"classic"	0	0	0
"457"	6	37	51.4	2	"brown"	7697	"classic"	371	1	900
"458"	20	42	23.4	5	"brown"	15281	"modern"	2266	1	4000
"459"	16	29	4.1	3	"black"	11759	"modern"	1615	1	4000
"460"	12	29	47.3	6	"brown"	9819	"modern"	959	1	1400
"461"	12	21	41.6	5	"brown"	9062	"modern"	349	1	1300
"462"	6	16	43.7	7	"brown"	5474	"modern"	0	0	400
"463"	4	36	48.5	7	"red"	6531	"classic"	0	0	400
"464"	14	21	37.5	4	"black"	10237	"modern"	533	1	1800
"465"	6	34	50.4	5	"black"	7425	"modern"	275	1	1000
"466"	10	47	44.1	7	"black"	10685	"modern"	1989	1	2400
"467"	2	38	100.1	6	"black"	5845	"classic"	0	0	0
"468"	14	17	75.7	10	"black"	9826	"classic"	514	1	0
"469"	12	24	43.1	5	"black"	9521	"classic"	448	1	1400
"470"	4	34	9.1	3	"brown"	6231	"modern"	513	1	2700
"471"	16	32	70.2	5	"brown"	12193	"classic"	978	1	800
"472"	4	35	12.3	7	"red"	6653	"modern"	342	1	2200
"473"	2	10	20.5	6	"black"	3042	"modern"	0	0	900
"474"	4	33	81.9	2	"black"	6187	"classic"	0	0	0
"475"	8	34	51.6	5	"brown"	8375	"modern"	267	1	1000
"476"	10	16	45.4	9	"brown"	7763	"modern"	277	1	700
"477"	8	28	39.3	6	"black"	7719	"classic"	510	1	1500
"478"	6	20	79.2	8	"black"	6108	"modern"	0	0	0
"479"	4	47	54.7	3	"brown"	7648	"modern"	443	1	1100
"480"	8	21	47.5	4	"black"	7203	"modern"	0	0	700
"481"	10	22	38.3	6	"brown"	8064	"modern"	521	1	1300
"482"	12	4	60.1	8	"brown"	7422	"classic"	0	0	0
"483"	10	51	59.3	3	"black"	11034	"classic"	1192	1	1700
"484"	8	23	38.8	5	"brown"	7386	"modern"	338	1	1100
"485"	10	37	47	8	"salmon"	9683	"classic"	1326	1	1900
"486"	16	57	61.3	7	"red"	14484	"modern"	1744	1	2000
"487"	12	41	33.1	4	"red"	10918	"modern"	992	1	2200
"488"	12	19	41.8	5	"black"	8916	"modern"	325	1	1300
"489"	10	23	44.7	1	"black"	8379	"classic"	0	0	1000
"490"	14	33	28	8	"brown"	11316	"modern"	1907	1	2800
"491"	2	47	25.6	4	"black"	6544	"modern"	665	1	2500
"492"	10	34	94.8	4	"brown"	9338	"classic"	378	1	0
"493"	4	46	97.2	8	"red"	7599	"classic"	0	0	0
"494"	14	19	51.9	4	"black"	9904	"classic"	471	1	900
"495"	4	43	70	8	"red"	7119	"classic"	92	1	0
"496"	2	52	63.7	4	"black"	7078	"modern"	629	1	800
"497"	6	48	68.8	4	"black"	8744	"classic"	760	1	700
"498"	4	19	28.9	6	"black"	4955	"classic"	0	0	1100
"499"	8	19	76.6	5	"black"	6841	"classic"	0	0	0
"500"	8	57	39.4	6	"brown"	10668	"modern"	1615	1	2800
"501"	2	27	47.7	5	"red"	4648	"classic"	0	0	0
"502"	8	41	51.3	6	"black"	9159	"classic"	1053	1	1500
"503"	8	32	52.3	8	"plum"	8179	"modern"	913	1	1100
"504"	10	41	10	5	"brown"	9989	"modern"	1434	1	3600
"505"	8	47	17.3	7	"black"	9785	"modern"	1937	1	3500
"506"	12	32	24.3	4	"black"	10177	"modern"	1097	1	2800
"507"	4	14	73.1	8	"black"	4228	"classic"	0	0	0
"508"	2	17	60.6	3	"black"	3625	"classic"	0	0	0
"509"	14	47	71.5	3	"black"	12853	"classic"	1500	1	1300
"510"	2	27	50.5	2	"salmon"	4515	"classic"	0	0	300
"511"	2	31	52.7	8	"black"	5171	"classic"	328	1	400
"512"	2	21	62	3	"black"	3979	"classic"	0	0	0
"513"	10	38	52.9	10	"brown"	9838	"classic"	1558	1	1500
"514"	4	31	56.4	3	"black"	6153	"classic"	0	0	300
"515"	4	32	57.2	8	"black"	6306	"classic"	123	1	400
"516"	10	30	44.5	5	"black"	9100	"classic"	905	1	1500
"517"	2	30	45.9	5	"plum"	5131	"modern"	246	1	700
"518"	8	17	37.3	4	"brown"	6767	"classic"	0	0	900
"519"	6	46	29.6	8	"black"	8695	"modern"	1705	1	2700
"520"	14	23	68.3	4	"black"	10535	"modern"	245	1	300
"521"	14	30	51.2	3	"black"	11085	"classic"	944	1	1500
"522"	10	53	89.4	5	"black"	11185	"classic"	1250	1	400
"523"	10	33	30.7	4	"red"	9289	"modern"	323	1	1700
"524"	2	16	40.1	1	"brown"	3587	"modern"	0	0	0
"525"	18	24	60	4	"red"	12539	"modern"	132	1	600
"526"	4	28	46	7	"brown"	5955	"modern"	0	0	600
"527"	2	26	70.5	9	"brown"	4546	"classic"	0	0	0
"528"	2	25	112.9	6	"black"	4551	"classic"	0	0	0
"529"	2	38	30	8	"black"	5651	"modern"	140	1	1900
"530"	8	26	39.7	6	"brown"	7608	"modern"	20	1	1200
"531"	8	15	0.6	6	"black"	6403	"modern"	207	1	2700
"532"	6	31	69.9	4	"plum"	7215	"classic"	54	1	0
"533"	4	34	13.5	4	"brown"	6353	"modern"	462	1	2500
"534"	2	26	11.5	8	"black"	4563	"modern"	154	1	2200
"535"	8	19	58.2	5	"plum"	6855	"classic"	0	0	100
"536"	2	41	27.9	5	"salmon"	6224	"modern"	840	1	2200
"537"	4	28	39.3	9	"black"	5761	"modern"	344	1	1100
"538"	8	29	76.5	10	"red"	7925	"classic"	45	1	0
"539"	4	22	86.5	3	"brown"	5171	"classic"	0	0	0
"540"	14	27	41.9	4	"plum"	10889	"classic"	1195	1	1900
"541"	2	43	87.7	4	"black"	6372	"classic"	15	1	0
"542"	10	26	87.5	5	"brown"	8377	"classic"	0	0	0
"543"	4	39	32	6	"black"	6928	"classic"	772	1	2000
"544"	2	41	36.7	3	"brown"	6070	"modern"	0	0	1500
"545"	2	39	89.2	5	"black"	5949	"classic"	0	0	0
"546"	8	46	33	7	"black"	9611	"modern"	1488	1	2700
"547"	4	27	41.5	5	"black"	5538	"modern"	0	0	900
"548"	16	10	59.4	6	"brown"	10058	"classic"	0	0	200
"549"	10	12	100.9	9	"brown"	7187	"classic"	0	0	0
"550"	4	33	40.1	4	"black"	6326	"modern"	506	1	1200
"551"	18	24	65.4	1	"black"	12330	"classic"	793	1	800
"552"	14	30	30.5	4	"brown"	10987	"classic"	1100	1	2500
"553"	2	21	57.7	5	"brown"	3849	"classic"	0	0	0
"554"	16	36	70.1	5	"brown"	12624	"classic"	1432	1	1000
"555"	2	25	6.6	2	"black"	4595	"modern"	0	0	2300
"556"	4	52	34.8	5	"black"	8405	"modern"	1359	1	2500
"557"	12	14	63	7	"brown"	8359	"classic"	0	0	0
"558"	8	23	81.7	5	"black"	7290	"classic"	0	0	0
"559"	6	31	51.9	3	"black"	7010	"classic"	0	0	700
"560"	4	38	28	5	"black"	6828	"modern"	474	1	2100
"561"	6	26	40.5	4	"black"	6467	"modern"	0	0	1100
"562"	4	30	59.3	3	"black"	5988	"modern"	0	0	100
"563"	20	46	44.4	10	"black"	15537	"classic"	2993	1	3400
"564"	2	39	29.1	7	"brown"	5917	"modern"	460	1	1800
"565"	8	31	43.5	5	"brown"	7965	"modern"	328	1	1300
"566"	14	11	65.8	6	"black"	9316	"classic"	0	0	0
"567"	10	20	16.8	5	"black"	7952	"classic"	690	1	2400
"568"	12	19	56.7	5	"salmon"	8890	"classic"	252	1	600
"569"	2	34	42.1	6	"brown"	5299	"classic"	93	1	900
"570"	16	31	36	5	"brown"	11930	"modern"	1631	1	2500
"571"	12	29	72.7	6	"black"	9940	"classic"	497	1	200
"572"	8	28	48.6	7	"black"	7748	"classic"	443	1	1000
"573"	2	21	44.9	3	"black"	4199	"modern"	0	0	200
"574"	14	19	33.7	7	"salmon"	10076	"modern"	965	1	2000
"575"	12	13	66	3	"brown"	8155	"classic"	0	0	0
"576"	2	33	49.3	6	"black"	5095	"classic"	427	1	600
"577"	6	48	27	3	"black"	8894	"modern"	844	1	2800
"578"	14	28	59.4	7	"black"	10789	"classic"	773	1	1100
"579"	14	57	69.6	7	"black"	13654	"classic"	2941	1	2000
"580"	16	47	27.9	5	"black"	13575	"modern"	2174	1	3800
"581"	2	25	42.3	4	"red"	4549	"modern"	0	0	0
"582"	6	26	53.4	3	"plum"	6519	"classic"	0	0	500
"583"	14	35	40	3	"black"	11656	"modern"	1555	1	2300
"584"	4	10	36.7	6	"black"	4119	"modern"	0	0	300
"585"	10	28	64.7	6	"black"	8842	"classic"	790	1	400
"586"	8	45	47.1	6	"black"	9466	"modern"	1631	1	1900
"587"	12	22	9.6	8	"red"	9191	"modern"	226	1	2500
"588"	6	18	47.5	10	"brown"	5722	"classic"	0	0	300
"589"	2	22	34.2	9	"black"	4283	"modern"	0	0	900
"590"	8	45	33.7	7	"black"	9632	"classic"	1755	1	2600
"591"	18	43	42.6	3	"black"	14158	"classic"	2127	1	3000
"592"	6	21	41.4	5	"black"	5982	"classic"	0	0	800
"593"	10	43	35.3	5	"black"	10342	"modern"	1840	1	2600
"594"	12	32	43.9	6	"brown"	10300	"classic"	1222	1	1700
"595"	2	47	50.5	6	"black"	6559	"modern"	979	1	1200
"596"	10	32	45.1	8	"black"	9165	"modern"	1271	1	1600
"597"	2	33	61.1	5	"brown"	5322	"modern"	0	0	0
"598"	4	31	58.8	3	"black"	5969	"classic"	0	0	200
"599"	2	43	68.2	10	"red"	6383	"classic"	537	1	0
"600"	12	49	54.9	6	"brown"	11892	"classic"	1363	1	2000
"601"	4	23	46.6	3	"salmon"	5222	"modern"	0	0	500
"602"	10	31	46.7	2	"brown"	9085	"modern"	360	1	1300
"603"	2	31	22.4	7	"black"	5209	"modern"	556	1	1900
"604"	4	46	41.1	5	"black"	7632	"classic"	1112	1	1800
"605"	14	7	47.5	4	"black"	8603	"modern"	0	0	600
"606"	10	41	66.7	6	"black"	10119	"classic"	1221	1	900
"607"	6	40	46	3	"black"	8028	"modern"	652	1	1500
"608"	6	25	64.2	7	"black"	6326	"modern"	70	1	0
"609"	18	51	64.6	6	"black"	15113	"modern"	2263	1	2300
"610"	10	52	62.5	3	"black"	11270	"classic"	914	1	1600
"611"	12	18	29.8	6	"black"	8704	"modern"	473	1	1800
"612"	18	37	40.6	5	"black"	13814	"modern"	1977	1	2800
"613"	8	36	26.3	6	"black"	8754	"modern"	656	1	2500
"614"	4	26	14.7	5	"black"	5480	"modern"	186	1	2200
"615"	2	37	43.4	5	"plum"	5699	"classic"	470	1	1200
"616"	12	47	68	8	"black"	11749	"classic"	1640	1	1400
"617"	2	30	36	6	"brown"	5004	"modern"	311	1	1000
"618"	12	25	74.7	8	"brown"	9458	"classic"	988	1	0
"619"	2	40	32.5	2	"plum"	6121	"modern"	379	1	1800
"620"	6	53	39.3	5	"brown"	9261	"modern"	1285	1	2400
"621"	6	36	57.8	5	"black"	7562	"classic"	509	1	700
"622"	6	21	34.5	9	"black"	6150	"modern"	582	1	1200
"623"	18	56	63.9	8	"salmon"	15711	"classic"	3050	1	2800
"624"	16	26	52.3	9	"salmon"	11486	"modern"	1355	1	1700
"625"	6	39	27.8	6	"black"	7859	"modern"	932	1	2400
"626"	6	37	56.4	5	"black"	7808	"classic"	540	1	800
"627"	12	34	20.8	4	"black"	10373	"modern"	1080	1	3000
"628"	6	17	48	9	"brown"	5773	"classic"	0	0	200
"629"	14	7	22.4	5	"brown"	8719	"modern"	0	0	1700
"630"	14	15	85.9	2	"brown"	9468	"classic"	0	0	0
"631"	14	42	42.3	4	"brown"	12239	"modern"	1474	1	2500
"632"	2	23	53.5	6	"black"	4281	"classic"	0	0	0
"633"	6	51	55.1	10	"brown"	9137	"classic"	1700	1	1600
"634"	2	33	80.9	6	"plum"	5029	"classic"	0	0	0
"635"	2	48	60.6	1	"brown"	6860	"classic"	50	1	600
"636"	2	24	54.9	4	"black"	4272	"modern"	0	0	0
"637"	4	20	62.3	7	"black"	5096	"classic"	0	0	0
"638"	6	28	52.1	9	"brown"	6938	"classic"	374	1	600
"639"	4	28	49.2	4	"red"	5779	"classic"	0	0	0
"640"	8	13	49.4	9	"brown"	6281	"classic"	30	1	200
"641"	6	43	41.5	6	"black"	8391	"classic"	966	1	1900
"642"	12	24	67.2	4	"brown"	9298	"classic"	296	1	100
"643"	4	41	98.2	7	"black"	6956	"classic"	421	1	0
"644"	8	21	52.9	8	"black"	7088	"classic"	157	1	500
"645"	18	16	71	6	"brown"	11579	"classic"	401	1	200
"646"	6	44	24	6	"black"	8490	"modern"	1395	1	2800
"647"	2	37	52.2	6	"black"	5834	"classic"	267	1	700
"648"	10	29	68.6	5	"brown"	9089	"classic"	403	1	100
"649"	16	19	62.9	5	"red"	10733	"classic"	170	1	0
"650"	4	56	67.2	7	"black"	8571	"classic"	1142	1	1100
"651"	4	37	24.5	8	"black"	6830	"modern"	571	1	2300
"652"	12	29	17.2	5	"red"	10001	"modern"	415	1	2400
"653"	6	20	44.3	5	"red"	5948	"classic"	0	0	0
"654"	2	47	53.3	7	"black"	6725	"classic"	912	1	1100
"655"	6	16	62.1	6	"plum"	5759	"classic"	0	0	0
"656"	8	47	52	2	"brown"	9862	"classic"	1374	1	1600
"657"	2	48	60.1	4	"plum"	6645	"classic"	633	1	900
"658"	12	42	60.5	9	"red"	11039	"classic"	760	1	1000
"659"	12	34	93.3	6	"black"	10546	"classic"	479	1	0
"660"	12	43	78.5	8	"brown"	11149	"classic"	1441	1	600
"661"	10	52	70.4	7	"black"	11102	"classic"	1738	1	1300
"662"	2	37	28.1	10	"black"	5755	"modern"	829	1	1900
"663"	20	40	30.7	5	"brown"	14901	"modern"	2127	1	3600
"664"	14	31	45.8	8	"black"	11219	"classic"	1470	1	1900
"665"	2	40	63.4	2	"red"	6195	"classic"	0	0	0
"666"	6	7	67.9	8	"red"	4756	"classic"	0	0	0
"667"	4	44	48.5	4	"black"	7404	"modern"	554	1	1400
"668"	4	42	94.3	7	"black"	7113	"classic"	391	1	0
"669"	8	30	65.2	5	"black"	7909	"classic"	344	1	200
"670"	2	46	72.9	4	"brown"	6703	"classic"	0	0	0
"671"	10	35	42.9	3	"black"	9456	"modern"	518	1	1800
"672"	2	22	59.2	6	"black"	4140	"modern"	0	0	0
"673"	6	44	34.5	6	"brown"	8363	"modern"	1211	1	2200
"674"	10	44	37.6	7	"black"	10439	"classic"	1967	1	2600
"675"	14	21	37.5	6	"black"	9905	"modern"	867	1	1800
"676"	2	7	66.4	1	"salmon"	2594	"classic"	0	0	0
"677"	2	7	49	7	"brown"	2757	"modern"	0	0	0
"678"	14	24	66.6	8	"black"	10246	"modern"	726	1	500
"679"	10	26	36	6	"plum"	8648	"modern"	341	1	1800
"680"	4	9	58.4	3	"brown"	3932	"classic"	0	0	0
"681"	14	25	62.1	9	"black"	10264	"classic"	1047	1	800
"682"	10	35	58.6	2	"red"	9492	"modern"	0	0	400
"683"	10	24	24.4	8	"plum"	8422	"modern"	892	1	2300
"684"	14	40	53.9	8	"brown"	11908	"modern"	2005	1	1900
"685"	6	42	62.7	5	"brown"	8448	"classic"	266	1	700
"686"	12	31	73.5	10	"black"	10212	"classic"	1179	1	400
"687"	18	25	45.2	10	"black"	12508	"classic"	1766	1	2100
"688"	12	6	49.4	3	"black"	7687	"modern"	0	0	200
"689"	12	18	27.1	3	"brown"	8814	"modern"	26	1	1800
"690"	16	11	30.4	4	"brown"	9880	"modern"	528	1	1700
"691"	8	24	75.7	6	"black"	7386	"classic"	6	1	0
"692"	10	22	44.8	1	"brown"	8298	"modern"	0	0	900
"693"	2	35	44.6	6	"black"	5417	"modern"	254	1	900
"694"	2	34	56.7	7	"black"	5493	"classic"	60	1	300
"695"	2	37	1.3	4	"black"	5812	"modern"	848	1	3200
"696"	8	41	66.2	6	"salmon"	9259	"classic"	716	1	900
"697"	2	48	88.5	3	"red"	6768	"classic"	0	0	0
"698"	2	59	48	4	"black"	7793	"modern"	1443	1	1900
"699"	8	20	38.8	6	"plum"	7061	"classic"	0	0	1200
"700"	16	39	77.2	6	"brown"	12899	"classic"	1138	1	800
"701"	4	20	36.1	6	"black"	5082	"classic"	0	0	800
"702"	6	30	51.6	7	"black"	7000	"classic"	790	1	800
"703"	8	28	23.6	1	"plum"	7656	"modern"	188	1	2200
"704"	4	31	53.7	3	"brown"	6028	"classic"	0	0	300
"705"	8	34	91.4	4	"brown"	8521	"classic"	285	1	0
"706"	14	11	77.6	6	"black"	9091	"classic"	78	1	0
"707"	18	19	56.1	2	"brown"	11845	"classic"	456	1	1000
"708"	6	25	68.9	6	"brown"	6569	"classic"	0	0	0
"709"	2	52	47	6	"black"	7367	"modern"	1558	1	1700
"710"	16	37	53.5	4	"black"	12794	"classic"	1505	1	2000
"711"	16	12	50	5	"black"	10157	"modern"	116	1	900
"712"	6	30	76.2	8	"black"	7083	"classic"	111	1	0
"713"	2	6	37.3	2	"brown"	2691	"classic"	0	0	0
"714"	8	43	41.2	1	"black"	9322	"modern"	895	1	2000
"715"	10	18	48	5	"black"	7714	"modern"	0	0	700
"716"	14	38	36.3	2	"black"	11830	"classic"	1660	1	2600
"717"	8	34	46.6	8	"brown"	8378	"classic"	881	1	1300
"718"	6	8	74.1	5	"black"	4683	"classic"	0	0	0
"719"	14	32	61.7	4	"black"	11324	"modern"	830	1	1100
"720"	12	39	84.5	5	"black"	10996	"classic"	667	1	100
"721"	12	24	34.6	7	"black"	9324	"modern"	838	1	1900
"722"	4	16	53.7	4	"black"	4551	"classic"	0	0	0
"723"	16	59	56.6	8	"red"	14874	"classic"	2095	1	2400
"724"	8	5	67.5	7	"brown"	5589	"classic"	0	0	0
"725"	4	45	52.8	4	"black"	7386	"classic"	468	1	1200
"726"	8	43	56.6	6	"black"	9321	"classic"	946	1	1300
"727"	2	44	37.3	8	"red"	6382	"modern"	623	1	1200
"728"	2	39	48.8	8	"black"	6085	"classic"	549	1	1000
"729"	8	26	24.5	8	"brown"	7673	"modern"	895	1	2000
"730"	6	19	22.2	7	"brown"	5782	"modern"	7	1	1600
"731"	8	21	62.6	7	"plum"	7137	"classic"	0	0	100
"732"	4	34	109.6	8	"black"	6476	"classic"	0	0	0
"733"	4	22	17.1	4	"black"	5114	"modern"	0	0	1800
"734"	4	37	76.6	5	"brown"	6719	"classic"	141	1	0
"735"	10	33	62.9	6	"brown"	9205	"modern"	855	1	600
"736"	10	20	46.6	7	"black"	8195	"classic"	348	1	900
"737"	8	50	61.3	7	"brown"	10004	"classic"	1155	1	1400
"738"	18	23	70.7	7	"brown"	12282	"classic"	532	1	600
"739"	14	32	55	3	"red"	11213	"classic"	0	0	800
"740"	10	50	47.4	10	"brown"	10929	"classic"	1812	1	2300
"741"	10	30	35.6	7	"black"	9069	"modern"	1000	1	2000
"742"	14	26	62.3	6	"black"	10571	"classic"	1084	1	800
"743"	4	30	22.5	3	"black"	6109	"modern"	521	1	1900
"744"	8	20	46.6	8	"plum"	7009	"modern"	291	1	800
"745"	2	28	60.4	6	"black"	4959	"classic"	0	0	0
"746"	6	26	58.3	3	"salmon"	6574	"classic"	0	0	200
"747"	2	39	63.3	9	"black"	6044	"classic"	426	1	300
"748"	10	44	70	1	"brown"	10255	"classic"	681	1	700
"749"	10	19	54.9	6	"black"	7912	"classic"	440	1	400
"750"	8	32	77.1	5	"black"	7942	"classic"	114	1	0
"751"	6	40	46.5	4	"plum"	7960	"classic"	617	1	1600
"752"	4	31	66.4	5	"black"	6067	"classic"	0	0	0
"753"	8	25	25.1	8	"black"	7417	"modern"	535	1	2100
"754"	2	36	28.5	5	"brown"	5630	"classic"	53	1	1700
"755"	6	33	52.3	6	"red"	7277	"modern"	0	0	300
"756"	2	46	23.7	3	"black"	6852	"modern"	468	1	2500
"757"	14	34	60.9	7	"black"	11371	"classic"	1160	1	1300
"758"	2	46	53.2	9	"red"	6343	"classic"	425	1	500
"759"	10	31	52.2	9	"black"	9179	"classic"	782	1	1200
"760"	8	36	42.1	5	"black"	8552	"modern"	524	1	1700
"761"	2	46	41.9	5	"brown"	6448	"modern"	463	1	1500
"762"	8	31	40.5	5	"black"	8132	"classic"	847	1	1500
"763"	2	19	31.9	5	"black"	3835	"modern"	0	0	800
"764"	10	31	11	6	"black"	9082	"modern"	914	1	3200
"765"	10	33	57.6	3	"black"	9420	"modern"	310	1	900
"766"	6	18	54.5	2	"brown"	5606	"modern"	0	0	0
"767"	6	48	23.6	7	"brown"	8879	"modern"	1133	1	3000
"768"	8	29	33.5	9	"salmon"	7789	"modern"	1068	1	2000
"769"	2	34	54.7	8	"brown"	5501	"modern"	225	1	300
"770"	2	32	29.3	4	"red"	5048	"classic"	0	0	900
"771"	6	47	21.2	5	"black"	8815	"modern"	1375	1	3100
"772"	10	36	69.7	9	"red"	9583	"classic"	354	1	0
"773"	4	44	72.5	4	"salmon"	7395	"modern"	373	1	300
"774"	12	34	24.3	5	"black"	10384	"modern"	1408	1	2900
"775"	2	8	37.1	3	"brown"	2725	"classic"	0	0	0
"776"	14	25	73.4	2	"plum"	10458	"modern"	103	1	200
"777"	2	57	60.4	5	"red"	7655	"classic"	475	1	600
"778"	4	49	78.4	4	"brown"	7998	"classic"	399	1	0
"779"	6	39	64.1	7	"salmon"	8119	"classic"	846	1	700
"780"	16	41	68	6	"black"	13077	"classic"	1714	1	1500
"781"	4	38	66.1	7	"black"	6759	"modern"	409	1	200
"782"	4	25	66.4	10	"black"	5622	"modern"	96	1	0
"783"	2	51	33	10	"black"	7289	"modern"	1429	1	2400
"784"	2	28	56.2	4	"black"	4861	"modern"	0	0	0
"785"	20	46	63.4	7	"brown"	15621	"classic"	2405	1	2300
"786"	12	16	38.9	3	"brown"	8440	"modern"	0	0	1100
"787"	10	46	72.1	6	"black"	10646	"classic"	1219	1	900
"788"	10	38	48.3	7	"salmon"	9905	"modern"	1334	1	1800
"789"	4	18	77.9	1	"brown"	4764	"classic"	0	0	0
"790"	12	30	9.4	2	"brown"	9941	"modern"	986	1	3300
"791"	2	31	68.7	7	"black"	5066	"modern"	0	0	0
"792"	2	28	56.5	9	"black"	4686	"modern"	10	1	100
"793"	8	46	94	3	"black"	9449	"classic"	710	1	0
"794"	4	35	0	4	"brown"	6581	"classic"	161	1	3200
"795"	2	20	18.6	7	"brown"	4081	"modern"	0	0	1400
"796"	2	28	65.3	8	"red"	4787	"classic"	0	0	0
"797"	6	28	45.7	7	"red"	6752	"modern"	0	0	400
"798"	10	16	39.4	8	"brown"	7718	"classic"	111	1	1000
"799"	4	44	61.4	6	"black"	7610	"modern"	450	1	800
"800"	4	36	29.9	6	"brown"	6778	"modern"	415	1	1800
"801"	4	38	32.4	7	"black"	6713	"modern"	482	1	1900
"802"	2	14	60	5	"brown"	3290	"classic"	0	0	0
"803"	2	29	36.5	2	"plum"	5004	"classic"	0	0	1100
"804"	4	14	15.3	5	"brown"	4506	"modern"	0	0	1400
"805"	14	36	106.4	9	"black"	11570	"classic"	1184	1	0
"806"	10	32	46.2	9	"black"	9248	"classic"	1183	1	1600
"807"	12	34	25	1	"brown"	10341	"modern"	878	1	2700
"808"	10	16	59.5	2	"black"	7726	"classic"	0	0	0
"809"	8	38	31.3	4	"red"	8781	"modern"	386	1	1700
"810"	8	50	22.5	10	"black"	10117	"modern"	2448	1	3500
"811"	2	52	74.8	1	"black"	7160	"classic"	853	1	200
"812"	6	27	47.1	6	"red"	6650	"classic"	0	0	200
"813"	10	25	39	7	"black"	8627	"modern"	976	1	1500
"814"	12	32	43.2	7	"black"	10091	"modern"	1235	1	1900
"815"	16	40	40.5	5	"brown"	12941	"modern"	1959	1	2700
"816"	6	37	42.6	10	"black"	7616	"modern"	1319	1	1600
"817"	4	40	26.1	4	"black"	6869	"modern"	744	1	2300
"818"	18	26	46.4	2	"black"	12478	"classic"	1184	1	1900
"819"	2	47	59.5	6	"black"	6832	"classic"	636	1	800
"820"	6	25	19	7	"salmon"	6683	"modern"	736	1	2200
"821"	10	29	44.8	10	"salmon"	8873	"modern"	1030	1	1600
"822"	6	27	48.8	4	"black"	6677	"modern"	70	1	700
"823"	16	9	79.7	4	"brown"	10077	"classic"	0	0	0
"824"	18	33	60	2	"brown"	13440	"classic"	1523	1	1500
"825"	2	53	45	6	"brown"	7150	"classic"	1301	1	1700
"826"	8	34	46.3	5	"black"	8287	"classic"	613	1	1400
"827"	8	40	77.6	5	"salmon"	8908	"classic"	586	1	200
"828"	12	35	26.1	3	"brown"	10620	"modern"	897	1	2700
"829"	10	29	39.7	5	"black"	8955	"modern"	807	1	1700
"830"	2	48	52	5	"black"	6874	"classic"	506	1	1200
"831"	2	22	19.6	8	"black"	4162	"modern"	252	1	1600
"832"	16	22	60.1	6	"black"	11305	"modern"	1001	1	900
"833"	12	25	32.3	3	"brown"	9376	"modern"	471	1	1900
"834"	12	50	33.6	7	"black"	12060	"modern"	2127	1	3300
"835"	6	45	39	5	"brown"	8719	"modern"	1081	1	2000
"836"	8	41	37.2	5	"black"	9053	"modern"	1216	1	2200
"837"	2	25	73.9	5	"brown"	4372	"classic"	0	0	0
"838"	10	6	13.5	1	"red"	6581	"modern"	0	0	1100
"839"	2	12	52.9	5	"plum"	3249	"modern"	0	0	0
"840"	16	29	60.6	9	"brown"	11748	"classic"	1203	1	1200
"841"	2	36	69.3	4	"brown"	5604	"modern"	0	0	0
"842"	6	52	51.5	4	"black"	9225	"modern"	1193	1	1800
"843"	12	29	31.8	9	"black"	9988	"modern"	1183	1	2300
"844"	10	22	68.1	5	"brown"	8162	"classic"	0	0	0
"845"	18	21	40.9	2	"black"	12132	"modern"	1092	1	1900
"846"	4	15	71.2	4	"brown"	4630	"classic"	0	0	0
"847"	14	41	27.7	3	"black"	12027	"modern"	1673	1	3200
"848"	18	27	37.3	4	"black"	12530	"modern"	1070	1	2500
"849"	4	9	51.6	1	"brown"	3806	"modern"	0	0	0
"850"	12	26	69.3	7	"brown"	9561	"classic"	429	1	200
"851"	8	30	80.1	8	"black"	7949	"classic"	298	1	0
"852"	10	29	65.5	10	"brown"	8928	"classic"	1023	1	400
"853"	12	16	74.7	2	"black"	8675	"classic"	0	0	0
"854"	12	28	77.5	4	"brown"	10020	"classic"	59	1	0
"855"	16	25	61.2	3	"red"	11483	"modern"	203	1	400
"856"	14	42	85.3	2	"black"	12274	"classic"	945	1	400
"857"	2	11	69.1	9	"brown"	3043	"modern"	0	0	0
"858"	10	18	83	5	"black"	7885	"classic"	0	0	0
"859"	12	43	40.5	10	"black"	11521	"modern"	1968	1	2600
"860"	4	21	45	6	"black"	4938	"modern"	0	0	400
"861"	2	30	66.1	6	"red"	5130	"classic"	0	0	0
"862"	6	25	31.6	7	"red"	6412	"modern"	0	0	900
"863"	4	44	44	8	"black"	7426	"modern"	953	1	1700
"864"	8	15	18.6	5	"red"	6439	"modern"	0	0	1200
"865"	2	11	64	9	"red"	3099	"modern"	0	0	0
"866"	6	57	36.2	2	"black"	9794	"classic"	1132	1	2800
"867"	2	23	68.8	8	"black"	4376	"classic"	0	0	0
"868"	6	12	25.6	7	"black"	5310	"modern"	0	0	1200
"869"	4	50	37.6	6	"black"	7832	"modern"	1419	1	2200
"870"	16	7	52.8	3	"black"	9600	"modern"	0	0	500
"871"	16	33	67.1	3	"black"	12316	"classic"	1047	1	1100
"872"	10	15	53.1	6	"brown"	7318	"modern"	87	1	200
"873"	10	33	43	2	"black"	9492	"modern"	621	1	1600
"874"	4	27	63	4	"black"	5740	"classic"	0	0	0
"875"	8	31	55.4	6	"black"	8045	"classic"	705	1	800
"876"	14	58	44.4	7	"brown"	13913	"modern"	2616	1	3200
"877"	6	32	61.6	5	"salmon"	7303	"classic"	0	0	400
"878"	4	27	37.9	4	"black"	5673	"modern"	17	1	1000
"879"	6	4	31.2	3	"brown"	4371	"modern"	0	0	300
"880"	2	45	60.6	4	"black"	6702	"classic"	220	1	600
"881"	12	30	71.4	7	"black"	10022	"modern"	546	1	400
"882"	6	15	22.2	5	"red"	5622	"modern"	0	0	800
"883"	8	34	48.6	7	"black"	8492	"classic"	990	1	1300
"884"	14	42	25.6	4	"brown"	12178	"modern"	1565	1	3300
"885"	14	20	47.9	4	"black"	10048	"modern"	402	1	1200
"886"	4	16	16.6	7	"black"	4751	"modern"	0	0	1600
"887"	12	42	30	3	"brown"	11293	"modern"	1562	1	2900
"888"	4	9	77.5	6	"salmon"	3944	"classic"	0	0	0
"889"	14	43	43.8	5	"black"	12363	"classic"	2052	1	2600
"890"	14	38	26.8	8	"black"	11885	"modern"	2080	1	3200
"891"	2	33	87.4	8	"brown"	5227	"classic"	23	1	0
"892"	16	31	18.3	5	"black"	12074	"modern"	1372	1	3400
"893"	12	22	21.6	10	"black"	9185	"modern"	899	1	2500
"894"	14	37	60.2	5	"black"	11470	"classic"	1551	1	1400
"895"	2	35	50.1	5	"black"	5296	"modern"	156	1	600
"896"	14	27	72.6	9	"plum"	10568	"classic"	1186	1	500
"897"	18	34	96.1	2	"black"	13302	"modern"	766	1	0
"898"	6	44	74.3	5	"black"	8293	"classic"	861	1	300
"899"	8	39	33.2	6	"red"	8921	"modern"	1121	1	1700
"900"	6	28	52.1	5	"brown"	6720	"classic"	0	0	500
"901"	16	40	78.7	3	"black"	13014	"classic"	1062	1	800
"902"	2	46	45.8	3	"red"	6430	"classic"	0	0	800
"903"	8	13	72.4	2	"red"	6229	"classic"	0	0	0
"904"	4	23	20.3	3	"black"	5188	"modern"	0	0	1700
"905"	6	27	67.9	5	"red"	6716	"classic"	0	0	0
"906"	12	12	65.1	7	"plum"	8272	"classic"	239	1	0
"907"	10	40	55.2	3	"black"	9812	"classic"	956	1	1400
"908"	16	46	42.6	9	"brown"	13555	"classic"	2274	1	3000
"909"	2	50	93.7	7	"brown"	7001	"classic"	270	1	0
"910"	4	14	60.2	3	"black"	4299	"classic"	0	0	0
"911"	4	48	29.8	5	"brown"	7677	"modern"	1144	1	2400
"912"	14	34	42.8	3	"red"	11307	"modern"	607	1	1500
"913"	12	48	108.3	5	"black"	11860	"classic"	979	1	0
"914"	10	45	50.4	2	"plum"	10469	"classic"	1049	1	2000
"915"	12	35	38	3	"black"	10571	"modern"	967	1	2200
"916"	4	20	15.4	10	"black"	4910	"modern"	534	1	1900
"917"	10	33	52.8	5	"plum"	9492	"classic"	634	1	1300
"918"	10	45	27.3	1	"black"	10609	"modern"	1195	1	3000
"919"	8	13	35	7	"black"	6247	"modern"	0	0	900
"920"	2	44	51.3	7	"black"	6367	"modern"	367	1	1100
"921"	4	17	68.4	4	"black"	4637	"classic"	0	0	0
"922"	4	58	43.8	7	"red"	8620	"classic"	892	1	1800
"923"	2	59	37.9	7	"brown"	7747	"classic"	1448	1	2400
"924"	12	5	66.8	6	"brown"	7518	"classic"	0	0	0
"925"	4	30	21.9	6	"salmon"	6079	"modern"	756	1	2100
"926"	12	14	45.7	1	"black"	8372	"modern"	0	0	700
"927"	4	37	37.7	5	"brown"	6691	"modern"	371	1	1500
"928"	10	35	61.8	6	"plum"	9457	"classic"	979	1	1000
"929"	18	28	40.9	2	"salmon"	12757	"modern"	1440	1	2400
"930"	6	40	29.1	8	"salmon"	8010	"modern"	1284	1	2500
"931"	6	9	44.6	5	"black"	5032	"modern"	0	0	0
"932"	10	48	56.3	5	"red"	10684	"classic"	590	1	1200
"933"	12	10	74.4	7	"brown"	8073	"classic"	190	1	0
"934"	2	23	47	9	"salmon"	4379	"modern"	0	0	400
"935"	6	52	66.4	9	"black"	9056	"modern"	1406	1	1200
"936"	16	12	64.2	4	"brown"	10099	"classic"	0	0	100
"937"	2	39	43.7	4	"black"	6012	"modern"	788	1	1100
"938"	10	35	85.1	6	"black"	9611	"classic"	574	1	0
"939"	6	8	57.5	4	"black"	4949	"classic"	0	0	0
"940"	16	50	49.6	4	"black"	13981	"modern"	2075	1	2800
"941"	6	44	53.5	8	"red"	8457	"modern"	672	1	800
"942"	14	27	44	7	"brown"	10737	"classic"	890	1	1700
"943"	16	20	38.6	8	"black"	10994	"modern"	1101	1	1900
"944"	6	35	44.1	1	"brown"	7505	"modern"	0	0	1200
"945"	4	9	25.6	8	"red"	3884	"modern"	0	0	200
"946"	16	43	22.4	3	"black"	13133	"modern"	1609	1	3800
"947"	4	38	95.7	6	"black"	6734	"classic"	40	1	0
"948"	6	24	24.6	8	"black"	6594	"modern"	525	1	1800
"949"	6	49	34.8	10	"red"	9085	"modern"	1071	1	2000
"950"	8	41	57.5	5	"black"	9170	"modern"	1273	1	1200
"951"	18	26	53.9	9	"black"	12601	"classic"	1827	1	1700
"952"	8	36	26.2	6	"black"	8698	"modern"	1121	1	2500
"953"	10	29	62.1	10	"black"	9070	"classic"	884	1	600
"954"	16	28	48.6	4	"black"	11792	"modern"	905	1	1800
"955"	12	35	45.7	8	"black"	10618	"modern"	1315	1	1900
"956"	14	25	34.6	6	"brown"	10410	"modern"	1159	1	2000
"957"	4	23	67.1	1	"black"	5307	"classic"	0	0	0
"958"	18	41	45.7	8	"black"	14015	"modern"	2306	1	2800
"959"	16	35	62.1	6	"brown"	12500	"classic"	1228	1	1400
"960"	14	21	52.9	6	"brown"	10066	"classic"	390	1	900
"961"	8	39	64.1	6	"brown"	8851	"modern"	676	1	700
"962"	8	20	60.3	5	"brown"	7046	"classic"	0	0	0
"963"	20	12	45.6	10	"brown"	12032	"modern"	872	1	1500
"964"	12	37	71.1	1	"black"	10682	"modern"	576	1	600
"965"	14	20	28.3	4	"black"	10131	"modern"	416	1	2200
"966"	8	21	36.9	1	"brown"	7089	"modern"	0	0	1000
"967"	12	38	64.4	6	"black"	10744	"classic"	1214	1	1100
"968"	4	27	27.2	6	"black"	5843	"modern"	0	0	1600
"969"	4	27	39.9	5	"black"	5607	"modern"	0	0	1000
"970"	8	22	43.9	1	"black"	7159	"classic"	4	1	800
"971"	10	57	66.7	3	"black"	11826	"modern"	1823	1	1700
"972"	2	54	53.1	1	"black"	7292	"classic"	828	1	1400
"973"	4	11	84.6	10	"brown"	4004	"classic"	0	0	0
"974"	2	44	49.7	6	"black"	6373	"classic"	897	1	1100
"975"	4	27	72.4	9	"black"	5640	"classic"	16	1	0
"976"	6	45	44.7	3	"black"	8551	"modern"	865	1	1800
"977"	6	29	40.2	4	"brown"	6969	"classic"	66	1	1100
"978"	4	28	21	5	"brown"	5711	"modern"	0	0	1800
"979"	4	19	46.7	3	"black"	5131	"modern"	0	0	200
"980"	2	53	24.3	6	"brown"	7186	"modern"	1219	1	2800
"981"	2	20	62.6	5	"brown"	3988	"classic"	0	0	0
"982"	4	17	38.5	8	"black"	4703	"modern"	74	1	600
"983"	10	34	19	6	"black"	9521	"modern"	1452	1	3000
"984"	8	30	65.2	8	"brown"	7940	"classic"	351	1	200
"985"	8	18	69.1	6	"black"	6835	"classic"	0	0	0
"986"	8	9	60.2	3	"black"	5863	"classic"	0	0	0
"987"	10	11	66.2	3	"brown"	7066	"classic"	0	0	0
"988"	12	2	37	10	"black"	7207	"modern"	126	1	800
"989"	2	34	77.3	8	"black"	5493	"modern"	0	0	0
"990"	6	15	79.1	3	"brown"	5561	"classic"	0	0	0
"991"	2	50	36.3	4	"brown"	6876	"modern"	895	1	2000
"992"	10	14	42.4	3	"black"	7491	"modern"	0	0	700
"993"	20	30	53.8	5	"brown"	14035	"classic"	1491	1	1900
"994"	12	38	71.1	6	"black"	10855	"classic"	1223	1	800
"995"	2	30	68.6	3	"black"	5191	"classic"	0	0	0
"996"	2	50	0	10	"brown"	7035	"modern"	1674	1	3900
"997"	12	52	29	7	"plum"	12190	"modern"	2448	1	3700
"998"	10	36	39.1	6	"brown"	9730	"classic"	1175	1	2000
"999"	4	32	35	9	"black"	6145	"modern"	459	1	1500
"1000"	14	40	66.4	5	"plum"	11787	"classic"	1419	1	1400
